2 0.5578125 0.4421875 0.12421875 0.11640625
2 0.76640625 0.58984375 0.09296875 0.18515625
2 0.659375 0.50546875 0.07890625 0.12109375
2 0.3546875 0.49609375 0.0921875 0.1015625
2 0.2859375 0.5828125 0.09609375 0.0984375
2 0.28984375 0.690625 0.096875 0.11328125
2 0.3734375 0.75546875 0.090625 0.12734375
2 0.40390625 0.625 0.1078125 0.11484375
2 0.52734375 0.7671875 0.096875 0.15
2 0.615625 0.7453125 0.09375 0.12578125
2 0.66953125 0.703125 0.1015625 0.1421875
2 0.56640625 0.65703125 0.10390625 0.159375
2 0.5015625 0.54609375 0.09921875 0.11796875
2 0.45625 0.49765625 0.084375 0.12421875
2 0.41640625 0.453125 0.075 0.07734375
2 0.56328125 0.4421875 0.09375 0.12890625
2 0.61953125 0.46484375 0.0640625 0.1390625
2 0.709375 0.55625 0.06171875 0.1
2 0.69296875 0.63046875 0.07890625 0.1
2 0.640625 0.61015625 0.08828125 0.13046875
2 0.4890625 0.70859375 0.09296875 0.1046875
2 0.571875 0.55859375 0.08671875 0.1078125
2 0.48984375 0.634375 0.0953125 0.1078125