2 0.3734375 0.64296875 0.2296875 0.3484375
2 0.56875 0.6015625 0.2296875 0.36640625
2 0.17109375 0.225 0.16328125 0.2375
2 0.05546875 0.93203125 0.1015625 0.1359375
2 0.7625 0.9625 0.121875 0.075
2 0.72109375 0.69765625 0.14296875 0.17734375
2 0.8515625 0.7125 0.09609375 0.14296875
2 0.7296875 0.390625 0.1578125 0.23125
2 0.5625 0.40703125 0.1015625 0.1234375
2 0.87578125 0.40625 0.128125 0.21015625
2 0.7828125 0.2890625 0.13046875 0.13203125
2 0.671875 0.04453125 0.10625 0.0796875
2 0.93359375 0.09140625 0.13203125 0.15625