4 0.0296875 0.24765625 0.04921875 0.10546875
4 0.08046875 0.3 0.065625 0.1078125
4 0.03046875 0.44375 0.0609375 0.121875
4 0.2046875 0.6421875 0.32578125 0.55390625
4 0.64296875 0.30390625 0.44765625 0.59296875
4 0.5359375 0.61796875 0.31328125 0.7546875
4 0.5078125 0.7703125 0.384375 0.428125
4 0.33828125 0.89453125 0.42890625 0.21015625
4 0.98046875 0.44375 0.03828125 0.128125
4 0.97578125 0.90078125 0.04765625 0.12265625
4 0.95859375 0.95390625 0.08203125 0.08359375
4 0.50625 0.7015625 0.06015625 0.0875
4 0.64921875 0.7203125 0.05078125 0.0984375
4 0.68359375 0.8015625 0.08828125 0.17265625
4 0.75703125 0.67578125 0.0875 0.090625
4 0.7078125 0.725 0.16953125 0.32265625
4 0.64453125 0.275 0.4609375 0.55
4 0.77421875 0.3265625 0.18125 0.4
4 0.16953125 0.303125 0.165625 0.2171875
4 0.328125 0.39609375 0.22734375 0.44296875
4 0.0609375 0.1890625 0.053125 0.1
4 0.11171875 0.15546875 0.04375 0.07421875
4 0.846875 0.76796875 0.06875 0.1984375
4 0.775 0.90546875 0.1375 0.1890625