4 0.23125 0.46484375 0.1625 0.22109375
4 0.23046875 0.6390625 0.2265625 0.2265625
4 0.653125 0.490625 0.196875 0.25234375
4 0.5828125 0.728125 0.2359375 0.32578125
4 0.4140625 0.73203125 0.203125 0.28125
4 0.7796875 0.6625 0.234375 0.22109375
4 0.76953125 0.41640625 0.171875 0.27578125
4 0.37109375 0.45078125 0.27734375 0.22421875
4 0.434375 0.31484375 0.18125 0.23984375
4 0.56640625 0.4234375 0.17578125 0.2265625
4 0.89921875 0.65625 0.1890625 0.28125
4 0.8703125 0.8375 0.2203125 0.26796875
4 0.75390625 0.8734375 0.25 0.25234375
4 0.5484375 0.86328125 0.23828125 0.23203125
4 0.43046875 0.7484375 0.5453125 0.18984375