4 0.38671875 0.41015625 0.1109375 0.2015625
4 0.3015625 0.41875 0.0796875 0.16875
4 0.25703125 0.5609375 0.121875 0.15625
4 0.253125 0.73046875 0.115625 0.1671875
4 0.3390625 0.76171875 0.11640625 0.1953125
4 0.45390625 0.709375 0.125 0.215625
4 0.36640625 0.5859375 0.1265625 0.175
4 0.47890625 0.51875 0.13359375 0.2
4 0.49140625 0.325 0.0921875 0.178125
4 0.4375 0.2890625 0.053125 0.1
4 0.57109375 0.43671875 0.1140625 0.1703125
4 0.65078125 0.51328125 0.07890625 0.1609375
4 0.5609375 0.64609375 0.14921875 0.2171875
4 0.53515625 0.80546875 0.1265625 0.1609375
4 0.4390625 0.809375 0.109375 0.13125
4 0.62578125 0.76953125 0.084375 0.1734375
4 0.23515625 0.74296875 0.1453125 0.1765625