6 0.096875 0.25625 0.19375 0.3109375
6 0.31875 0.2515625 0.18359375 0.3359375
6 0.521875 0.2171875 0.21875 0.321875
6 0.73046875 0.19140625 0.20234375 0.3046875
6 0.89921875 0.23359375 0.18515625 0.31640625
6 0.165625 0.4171875 0.16484375 0.2515625
6 0.303125 0.46875 0.23125 0.24921875
6 0.46796875 0.43125 0.23125 0.296875
6 0.67578125 0.47421875 0.18515625 0.23828125
6 0.83671875 0.4703125 0.22734375 0.325
6 0.9265625 0.63984375 0.146875 0.2734375
6 0.16953125 0.6703125 0.20234375 0.2828125
6 0.38203125 0.6421875 0.22265625 0.34453125
6 0.56171875 0.61171875 0.24765625 0.3046875
6 0.74140625 0.63828125 0.20859375 0.31328125
6 0.040625 0.46015625 0.08125 0.2546875
6 0.040625 0.66171875 0.08125 0.31640625
6 0.09765625 0.84140625 0.1625 0.2265625
6 0.2875 0.80859375 0.1875 0.2796875
6 0.48828125 0.79453125 0.18515625 0.26328125
6 0.65546875 0.828125 0.21875 0.29140625
6 0.84140625 0.82265625 0.225 0.2796875
6 0.95390625 0.825 0.0921875 0.24609375