7 0.153125 0.23046875 0.29140625 0.41640625
7 0.16953125 0.58515625 0.221875 0.36328125
7 0.35703125 0.53828125 0.25390625 0.390625
7 0.4671875 0.69296875 0.24453125 0.39609375
7 0.66640625 0.54296875 0.303125 0.46640625
7 0.73984375 0.740625 0.25390625 0.42578125
7 0.8890625 0.8421875 0.221875 0.315625
7 0.87265625 0.421875 0.23984375 0.459375
7 0.73046875 0.21015625 0.25625 0.37578125
7 0.6234375 0.115625 0.28671875 0.23125
7 0.4140625 0.18671875 0.28671875 0.36328125
7 0.6453125 0.12421875 0.30546875 0.23359375
7 0.87421875 0.12890625 0.22578125 0.21640625
7 0.15234375 0.8234375 0.27109375 0.328125
7 0.39140625 0.88203125 0.271875 0.23515625
7 0.58359375 0.9109375 0.2 0.178125