8 0.09453125 0.11875 0.18203125 0.23046875
8 0.27421875 0.1984375 0.20703125 0.3453125
8 0.096875 0.37109375 0.17890625 0.35078125
8 0.26015625 0.6734375 0.18984375 0.33359375
8 0.13203125 0.56171875 0.1953125 0.14453125
8 0.26796875 0.4234375 0.1109375 0.2390625
8 0.484375 0.36484375 0.25078125 0.428125
8 0.38125 0.5171875 0.0875 0.24765625
8 0.4828125 0.60546875 0.17265625 0.33828125
8 0.62734375 0.76015625 0.2390625 0.4796875
8 0.1265625 0.8140625 0.23203125 0.30546875
8 0.27890625 0.90546875 0.240625 0.1890625
8 0.39765625 0.84765625 0.171875 0.2390625
8 0.49296875 0.88203125 0.1328125 0.2046875
8 0.63671875 0.740625 0.184375 0.4671875
8 0.81015625 0.7859375 0.19921875 0.40390625
8 0.7625 0.46484375 0.2484375 0.4859375
8 0.67578125 0.1703125 0.28046875 0.28828125
8 0.88203125 0.16328125 0.2359375 0.28203125
8 0.91796875 0.43671875 0.1640625 0.3296875
8 0.9578125 0.678125 0.084375 0.3625
8 0.0890625 0.11015625 0.16484375 0.2203125
8 0.45625 0.0890625 0.18984375 0.16171875
8 0.5609375 0.04609375 0.15390625 0.071875
8 0.63046875 0.2125 0.16484375 0.3078125
8 0.69765625 0.1515625 0.2234375 0.30234375